1.386525605218125179e-06 3.566642234547151491e-06
7.548846122140684400e-06 8.563089743165248476e-06
1.864095925585562696e-05 1.351516651740182839e-05
3.466275564101284345e-05 1.845567876672702407e-05
5.561407730703127328e-05 2.339152740591310807e-05
8.149471767937566113e-05 2.832494721479465922e-05
1.123044215818880254e-04 3.325685074070492162e-05
1.480428852390081040e-04 3.818766251755261761e-05
1.887097562790485128e-04 4.311759343100107647e-05
2.343046337374143917e-04 4.804674892838191010e-05
2.848270680608222527e-04 5.297517758134119299e-05
3.402765611114078048e-04 5.790289509755342542e-05
4.006525661719995135e-04 6.282989712576567468e-05
4.659544879511701154e-04 6.775616651162284234e-05
5.361816825893428451e-04 7.268167761935050066e-05
6.113334576651197061e-04 7.760639901568446854e-05
6.914090722019428092e-04 8.253029519660335159e-05
7.764077366754773557e-04 8.745332773281353476e-05
8.663286130216052427e-04 9.237545605019494520e-05
9.611708146443631584e-04 9.729663797392332171e-05
1.060933406424824366e-03 1.022168301157396413e-04
1.165615404730424576e-03 1.071359881549507247e-04
1.275215777424398844e-03 1.120540670455527795e-04
1.389733443876273178e-03 1.169710211711364741e-04
1.509167274972356143e-03 1.218868044626276889e-04
1.633516093126730073e-03 1.268013704885611161e-04
1.762778672293241478e-03 1.317146725254107471e-04
1.896953737977102872e-03 1.366266636126559455e-04
2.036039967247882387e-03 1.415372965966640959e-04
2.180035988752382359e-03 1.464465241657131127e-04
2.328940382728073022e-03 1.513542988782974922e-04
2.482751681017303369e-03 1.562605731861570917e-04
2.641468367081456492e-03 1.611652994532733821e-04
2.805088876016326171e-03 1.660684299714944810e-04
2.973611594567104888e-03 1.709699169735358218e-04
3.147034861144648588e-03 1.758697126439252552e-04
3.325356965841685941e-03 1.807677691282580433e-04
3.508576150449638220e-03 1.856640385410063677e-04
3.696690608476049800e-03 1.905584729721792041e-04
3.889698485162462749e-03 1.954510244931501799e-04
4.087597877502457955e-03 2.003416451615673837e-04
4.290386834260695448e-03 2.052302870257299643e-04
4.498063355991954726e-03 2.101169021283796131e-04
4.710625395060952236e-03 2.150014425099811965e-04
4.928070855662547434e-03 2.198838602117549718e-04
5.150397593842281907e-03 2.247641072782561754e-04
5.377603417517640150e-03 2.296421357597548457e-04
5.609686086499643398e-03 2.345178977142858335e-04
5.846643312514887558e-03 2.393913452096611079e-04
6.088472759228080733e-03 2.442624303251303744e-04
6.335172042265191372e-03 2.491311051530065656e-04
6.586738729236929490e-03 2.539973218001248512e-04
6.843170339762616461e-03 2.588610323891504307e-04
7.104464345494831967e-03 2.637221890599393418e-04
7.370618170144060954e-03 2.685807439705445465e-04
7.641629189504395292e-03 2.734366492984294239e-04
7.917494731479290948e-03 2.782898572414257174e-04
8.198212076107824764e-03 2.831403200187790304e-04
8.483778455591617362e-03 2.879879898719548228e-04
8.774191054322144634e-03 2.928328190655744563e-04
9.069447008908326779e-03 2.976747598882531205e-04
9.369543408205061041e-03 3.025137646533984019e-04
9.674477293341587902e-03 3.073497856999042816e-04
9.984245657750856484e-03 3.121827753930136724e-04
1.029884544719922301e-02 3.170126861248765120e-04
1.061827355981637133e-02 3.218394703154024879e-04
1.094252684612612159e-02 3.266630804127911036e-04
1.127160210907718341e-02 3.314834688942582572e-04
1.160549610407507481e-02 3.363005882666664876e-04
1.194420553901370807e-02 3.411143910671269241e-04
1.228772707430819677e-02 3.459248298636005301e-04
1.263605732292744088e-02 3.507318572555133342e-04
1.298919285042793303e-02 3.555354258743770269e-04
1.334713017498717624e-02 3.603354883842479041e-04
1.370986576743837837e-02 3.651319974823956566e-04
1.407739605130509108e-02 3.699249058998619515e-04
1.444971740283634842e-02 3.747141664019397033e-04
1.482682615104263801e-02 3.794997317887911781e-04
1.520871857773209435e-02 3.842815548959114895e-04
1.559539091754680307e-02 3.890595885947182426e-04
1.598683935800043754e-02 3.938337857930809490e-04
1.638306003951534029e-02 3.986040994357953663e-04
1.678404905546099224e-02 4.033704825051100942e-04
1.718980245219237091e-02 4.081328880212907397e-04
1.760031622908880822e-02 4.128912690430604280e-04
1.801558633859368097e-02 4.176455786681756229e-04
1.843560868625410132e-02 4.223957700338381769e-04
1.886037913076138439e-02 4.271417963172871438e-04
1.928989348399196002e-02 4.318836107362217258e-04
1.972414751104845099e-02 4.366211665493614259e-04
2.016313693030169496e-02 4.413544170568634126e-04
2.060685741343271093e-02 4.460833156008572474e-04
2.105530458547544281e-02 4.508078155659419380e-04
2.150847402486016913e-02 4.555278703796388092e-04
2.196636126345663520e-02 4.602434335128722923e-04
2.242896178661840656e-02 4.649544584804718569e-04
2.289627103322738888e-02 4.696608988416571366e-04
2.336828439573862548e-02 4.743627082004718272e-04
2.384499722022592749e-02 4.790598402062998208e-04
2.432640480642755954e-02 4.837522485543450197e-04
2.481250240779270255e-02 4.884398869860130839e-04
2.530328523152836073e-02 4.931227092895391299e-04
2.579874843864632394e-02 4.978006693003348380e-04
2.629888714401107386e-02 5.024737209014844752e-04
2.680369641638807865e-02 5.071418180242351706e-04
2.731317127849208770e-02 5.118049146484291876e-04
2.782730670703648101e-02 5.164629648029955009e-04
2.834609763278250760e-02 5.211159225664255441e-04
2.886953894058974512e-02 5.257637420671869418e-04
2.939762546946600441e-02 5.304063774842297232e-04
2.993035201261856626e-02 5.350437830474272672e-04
3.046771331750536271e-02 5.396759130380518335e-04
3.100970408588682448e-02 5.443027217891981606e-04
3.155631897387800588e-02 5.489241636862670195e-04
3.210755259200159806e-02 5.535401931674404198e-04
3.266339950524066449e-02 5.581507647240995700e-04
3.322385423309237584e-02 5.627558329012886983e-04
3.378891124962218884e-02 5.673553522982132443e-04
3.435856498351819166e-02 5.719492775686006811e-04
3.493280981814600450e-02 5.765375634212790458e-04
3.551164009160429069e-02 5.811201646204802989e-04
3.609505009678043441e-02 5.856970359864517063e-04
3.668303408140694000e-02 5.902681323957481400e-04
3.727558624811805332e-02 5.948334087818136443e-04
3.787270075450704931e-02 5.993928201353396559e-04
3.847437171318351945e-02 6.039463215047778319e-04
3.908059319183193603e-02 6.084938679967355664e-04
3.969135921326966132e-02 6.130354147764385114e-04
4.030666375550617797e-02 6.175709170682019879e-04
4.092650075180220837e-02 6.221003301558377784e-04
4.155086409072988873e-02 6.266236093831104676e-04
4.217974761623272117e-02 6.311407101542029991e-04
4.281314512768630287e-02 6.356515879341410316e-04
4.345105037995961039e-02 6.401561982492001658e-04
4.409345708347650605e-02 6.446544966874432746e-04
4.474035890427768836e-02 6.491464388990527030e-04
4.539174946408330857e-02 6.536319805968482995e-04
4.604762234035553181e-02 6.581110775566418420e-04
4.670797106636226381e-02 6.625836856177855358e-04
4.737278913124060020e-02 6.670497606835419429e-04
4.804206998006127494e-02 6.715092587215167963e-04
4.871580701389305323e-02 6.759621357641108948e-04
4.939399358986795718e-02 6.804083479089625660e-04
5.007662302124665787e-02 6.848478513193469782e-04
5.076368857748447816e-02 6.892806022247185667e-04
5.145518348429772848e-02 6.937065569209588823e-04
5.215110092373054229e-02 6.981256717709852623e-04
5.285143403422193353e-02 7.025379032050692611e-04
5.355617591067374228e-02 7.069432077213302868e-04
5.426531960451841385e-02 7.113415418861558388e-04
5.497885812378766612e-02 7.157328623345668829e-04
5.569678443318148986e-02 7.201171257707759997e-04
5.641909145413737114e-02 7.244942889684707942e-04
5.714577206490012440e-02 7.288643087713822348e-04
5.787681910059222501e-02 7.332271420935596072e-04
5.861222535328414196e-02 7.375827459199205301e-04
5.935198357206594721e-02 7.419310773066058141e-04
6.009608646311814795e-02 7.462720933814770028e-04
6.084452668978423961e-02 7.506057513444359952e-04
6.159729687264253739e-02 7.549320084679679056e-04
6.235438958957922884e-02 7.592508220974013809e-04
6.311579737586142658e-02 7.635621496515532670e-04
6.388151272421077609e-02 7.678659486229194283e-04
6.465152808487761860e-02 7.721621765782521940e-04
6.542583586571526499e-02 7.764507911589170605e-04
6.620442843225482488e-02 7.807317500813205175e-04
6.698729810778064619e-02 7.850050111372711961e-04
6.777443717340592144e-02 7.892705321946287631e-04
6.856583786814879344e-02 7.935282711973245216e-04
6.936149238900879421e-02 7.977781861661255563e-04
7.016139289104394994e-02 8.020202351989035071e-04
7.096553148744794148e-02 8.062543764710385433e-04
7.177390024962815307e-02 8.104805682358981467e-04
7.258649120728344339e-02 8.146987688251516391e-04
7.340329634848308249e-02 8.189089366493185716e-04
7.422430761974557756e-02 8.231110301980302342e-04
7.504951692611810943e-02 8.273050080405526746e-04
7.587891613125635759e-02 8.314908288261394984e-04
7.671249705750465830e-02 8.356684512844633804e-04
7.755025148597677331e-02 8.398378342259857788e-04
7.839217115663676960e-02 8.439989365424177201e-04
7.923824776838056527e-02 8.481517172071148828e-04
8.008847297911780849e-02 8.522961352754370107e-04
8.094283840585392298e-02 8.564321498851586081e-04
8.180133562477298614e-02 8.605597202569632278e-04
8.266395617132082929e-02 8.646788056947495417e-04
8.353069154028808230e-02 8.687893655860327120e-04
8.440153318589455056e-02 8.728913594024066951e-04
8.527647252187314786e-02 8.769847466999078833e-04
8.615550092155471740e-02 8.810694871194176686e-04
8.703860971795296386e-02 8.851455403870341077e-04
8.792579020384988508e-02 8.892128663145549335e-04
8.881703363188192535e-02 8.932714247997579305e-04
8.971233121462585114e-02 8.973211758268775495e-04
9.061167412468551507e-02 9.013620794669865467e-04
9.151505349477895290e-02 9.053940958783606016e-04
9.242246041782586907e-02 9.094171853068961676e-04
9.333388594703523333e-02 9.134313080865114108e-04
9.424932109599371000e-02 9.174364246395008519e-04
9.516875683875408720e-02 9.214324954769802147e-04
9.609218410992453885e-02 9.254194811992031214e-04
9.701959380475760897e-02 9.293973424960268659e-04
9.795097677924036184e-02 9.333660401472311692e-04
9.888632385018431004e-02 9.373255350229733277e-04
9.982562579531606417e-02 9.412757880841068599e-04
1.007688733533682046e-01 9.452167603826379556e-04
1.017160572241706529e-01 9.491484130620365337e-04
1.026671680687422650e-01 9.530707073576379388e-04
1.036221965093830355e-01 9.569836045971005832e-04
1.045811331297665236e-01 9.608870662006915257e-04
1.055439684750326124e-01 9.647810536816868671e-04
1.065106930518807671e-01 9.686655286468002276e-04
1.074812973286638496e-01 9.725404527965096331e-04
1.084557717354816542e-01 9.764057879254520568e-04
1.094341066642756655e-01 9.802614959228397526e-04
1.104162924689237046e-01 9.841075387727333656e-04
1.114023194653348536e-01 9.879438785545637588e-04
1.123921779315451563e-01 9.917704774433354093e-04
1.133858581078133199e-01 9.955872977101918198e-04
1.143833501967170263e-01 9.993943017225759805e-04
1.153846443632495222e-01 1.003191451944796756e-03
1.163897307349167076e-01 1.006978710938265242e-03
1.173985994018340029e-01 1.010756041361931265e-03
1.184112404168246591e-01 1.014523405972638783e-03
1.194276437955176240e-01 1.018280767625458086e-03
1.204477995164458526e-01 1.022028089274113621e-03
1.214716975211451166e-01 1.025765333971288872e-03
1.224993277142534254e-01 1.029492464869032498e-03
1.235306799636103348e-01 1.033209445219132605e-03
1.245657441003568122e-01 1.036916238373386924e-03
1.256045099190358227e-01 1.040612807784106969e-03
1.266469671776925265e-01 1.044299117004331189e-03
1.276931055979756424e-01 1.047975129688331723e-03
1.287429148652384225e-01 1.051640809591857482e-03
1.297963846286406819e-01 1.055296120572490415e-03
1.308535045012506615e-01 1.058941026590125159e-03
1.319142640601475569e-01 1.062575491707206700e-03
1.329786528465241591e-01 1.066199480089092926e-03
1.340466603657900491e-01 1.069812956004458603e-03
1.351182760876750710e-01 1.073415883825657715e-03
1.361934894463331935e-01 1.077008228028984976e-03
1.372722898404465375e-01 1.080589953195107335e-03
1.383546666333302366e-01 1.084161024009389681e-03
1.394406091530367431e-01 1.087721405262252186e-03
1.405301066924616316e-01 1.091271061849497957e-03
1.416231485094489040e-01 1.094809958772659545e-03
1.427197238268969048e-01 1.098338061139360854e-03
1.438198218328645139e-01 1.101855334163671886e-03
1.449234316806779499e-01 1.105361743166416444e-03
1.460305424890375736e-01 1.108857253575502595e-03
1.471411433421252468e-01 1.112341830926361769e-03
1.482552232897118016e-01 1.115815440862169289e-03
1.493727713472652874e-01 1.119278049134221891e-03
1.504937764960589952e-01 1.122729621602347764e-03
1.516182276832801490e-01 1.126170124235105832e-03
1.527461138221390957e-01 1.129599523110272992e-03
1.538774237919784404e-01 1.133017784415029511e-03
1.550121464383827363e-01 1.136424874446439331e-03
1.561502705732883411e-01 1.139820759611648695e-03
1.572917849750939956e-01 1.143205406428289680e-03
1.584366783887711794e-01 1.146578781524871821e-03
1.595849395259752446e-01 1.149940851640915244e-03
1.607365570651567710e-01 1.153291583627512719e-03
1.618915196516730326e-01 1.156630944447453475e-03
1.630498158979001300e-01 1.159958901175708705e-03
1.642114343833448453e-01 1.163275420999680503e-03
1.653763636547579963e-01 1.166580471219487870e-03
1.665445922262466238e-01 1.169874019248391510e-03
1.677161085793877349e-01 1.173156032613033219e-03
1.688909011633414892e-01 1.176426478953738813e-03
1.700689583949655526e-01 1.179685326024975658e-03
1.712502686589287282e-01 1.182932541695489283e-03
1.724348203078259756e-01 1.186168093948747901e-03
1.736226016622930413e-01 1.189391950883191343e-03
1.748136010111216998e-01 1.192604080712609659e-03
1.760078066113748840e-01 1.195804451766374274e-03
1.772052066885029808e-01 1.198993032489787530e-03
1.784057894364596830e-01 1.202169791444474738e-03
1.796095430178183405e-01 1.205334697308533794e-03
1.808164555638886450e-01 1.208487718876946745e-03
1.820265151748339250e-01 1.211628825061920661e-03
1.832397099197880519e-01 1.214757984893091898e-03
1.844560278369735684e-01 1.217875167517874129e-03
1.856754569338191496e-01 1.220980342201826536e-03
1.868979851870782305e-01 1.224073478328852006e-03
1.881236005429473002e-01 1.227154545401584838e-03
1.893522909171848068e-01 1.230223513041632738e-03
1.905840441952303399e-01 1.233280350989895144e-03
1.918188482323242017e-01 1.236325029106895420e-03
1.930566908536268667e-01 1.239357517372982956e-03
1.942975598543392746e-01 1.242377785888777036e-03
1.955414429998230119e-01 1.245385804875334896e-03
1.967883280257210488e-01 1.248381544674483480e-03
1.980382026380785310e-01 1.251364975749145146e-03
1.992910545134642386e-01 1.254336068683579216e-03
2.005468712990917113e-01 1.257294794183678186e-03
2.018056406129414837e-01 1.260241123077335702e-03
2.030673500438827106e-01 1.263175026314606155e-03
2.043319871517959574e-01 1.266096474968071792e-03
2.055995394676956578e-01 1.269005440233156702e-03
2.068699944938529600e-01 1.271901893428320236e-03
2.081433397039191280e-01 1.274785805995347354e-03
2.094195625430490537e-01 1.277657149499794240e-03
2.106986504280248806e-01 1.280515895631020602e-03
2.119805907473801265e-01 1.283362016202657619e-03
2.132653708615241950e-01 1.286195483152789872e-03
2.145529781028667204e-01 1.289016268544293173e-03
2.158433997759427458e-01 1.291824344565051415e-03
2.171366231575376782e-01 1.294619683528266214e-03
2.184326354968127992e-01 1.297402257872710832e-03
2.197314240154311649e-01 1.300172040163048498e-03
2.210329759076832823e-01 1.302929003090020190e-03
2.223372783406136199e-01 1.305673119470798088e-03
2.236443184541469509e-01 1.308404362249207401e-03
2.249540833612153623e-01 1.311122704495991560e-03
2.262665601478851540e-01 1.313828119409104957e-03
2.275817358734841256e-01 1.316520580313937155e-03
2.288995975707295294e-01 1.319200060663629692e-03
2.302201322458551913e-01 1.321866534039290103e-03
2.315433268787405185e-01 1.324519974150277501e-03
2.328691684230382863e-01 1.327160354834437846e-03
2.341976438063033128e-01 1.329787650058395811e-03
2.355287399301216889e-01 1.332401833917815429e-03
2.368624436702394531e-01 1.335002880637579849e-03
2.381987418766924880e-01 1.337590764572134817e-03
2.395376213739358051e-01 1.340165460205698785e-03
2.408790689609734970e-01 1.342726942152540045e-03
2.422230714114891326e-01 1.345275185157164934e-03
2.435696154739758756e-01 1.347810164094687124e-03
2.449186878718673244e-01 1.350331853970910666e-03
2.462702753036684067e-01 1.352840229922728328e-03
2.476243644430864421e-01 1.355335267218268176e-03
2.489809419391625367e-01 1.357816941257204962e-03
2.503399944164033109e-01 1.360285227570955493e-03
2.517015084749128495e-01 1.362740101822911953e-03
2.530654706905242635e-01 1.365181539808755238e-03
2.544318676149331937e-01 1.367609517456588961e-03
2.558006857758289287e-01 1.370024010827286618e-03
2.571719116770286861e-01 1.372424996114625156e-03
2.585455317986093404e-01 1.374812449645580097e-03
2.599215325970422041e-01 1.377186347880559724e-03
2.612999005053248669e-01 1.379546667413610213e-03
2.626806219331166425e-01 1.381893384972676924e-03
2.640636832668710188e-01 1.384226477419775491e-03
2.654490708699714374e-01 1.386545921751328788e-03
2.668367710828641326e-01 1.388851695098236539e-03
2.682267702231941886e-01 1.391143774726268881e-03
2.696190545859397103e-01 1.393422138036194951e-03
2.710136104435469928e-01 1.395686762563974137e-03
2.724104240460661353e-01 1.397937625981096740e-03
2.738094816212864879e-01 1.400174706094663764e-03
2.752107693748723771e-01 1.402397980847741891e-03
2.766142734904991629e-01 1.404607428319457150e-03
2.780199801299894080e-01 1.406803026725294810e-03
2.794278754334496018e-01 1.408984754417302995e-03
2.808379455194061070e-01 1.411152589884253575e-03
2.822501764849431605e-01 1.413306511751922980e-03
2.836645544058385982e-01 1.415446498783254174e-03
2.850810653367027436e-01 1.417572529878599738e-03
2.864996953111138556e-01 1.419684584075897290e-03
2.879204303417581823e-01 1.421782640550899122e-03
2.893432564205656310e-01 1.423866678617359766e-03
2.907681595188498225e-01 1.425936677727264543e-03
2.921951255874446485e-01 1.427992617471014096e-03
2.936241405568446039e-01 1.430034477577649251e-03
2.950551903373418439e-01 1.432062237914990448e-03
2.964882608191658497e-01 1.434075878489911391e-03
2.979233378726231507e-01 1.436075379448488671e-03
2.993604073482351025e-01 1.438060721076215784e-03
3.007994550768793296e-01 1.440031883798202628e-03
3.022404668699274488e-01 1.441988848179311025e-03
3.036834285193866778e-01 1.443931594924469358e-03
3.051283257980385022e-01 1.445860104878729166e-03
3.065751444595804509e-01 1.447774359027548122e-03
3.080238702387647076e-01 1.449674338496911245e-03
3.094744888515407744e-01 1.451560024553565954e-03
3.109269859951945270e-01 1.453431398605184921e-03
3.123813473484905456e-01 1.455288442200567941e-03
3.138375585718125027e-01 1.457131137029776162e-03
3.152956053073049381e-01 1.458959464924362804e-03
3.167554731790148681e-01 1.460773407857533400e-03
3.182171477930332282e-01 1.462572947944335098e-03
3.196806147376369811e-01 1.464358067441828837e-03
3.211458595834311147e-01 1.466128748749211640e-03
3.226128678834911945e-01 1.467884974408083330e-03
3.240816251735054165e-01 1.469626727102558419e-03
3.255521169719174379e-01 1.471353989659465386e-03
3.270243287800692622e-01 1.473066745048444469e-03
3.284982460823436812e-01 1.474764976382264255e-03
3.299738543463083262e-01 1.476448666916816256e-03
3.314511390228577215e-01 1.478117800051383145e-03
3.329300855463581676e-01 1.479772359328811789e-03
3.344106793347898510e-01 1.481412328435597172e-03
3.358929057898921711e-01 1.483037691202114192e-03
3.373767502973058496e-01 1.484648431602732807e-03
3.388621982267190913e-01 1.486244533756042466e-03
3.403492349320099142e-01 1.487825981924882461e-03
3.418378457513922553e-01 1.489392760516669361e-03
3.433280160075589116e-01 1.490944854083383784e-03
3.448197310078274791e-01 1.492482247321815858e-03
3.463129760442847926e-01 1.494004925073725469e-03
3.478077363939318101e-01 1.495512872325908179e-03
3.493039973188288849e-01 1.497006074210471913e-03
3.508017440662413167e-01 1.498484516004832193e-03
3.523009618687843458e-01 1.499948183131988603e-03
3.538016359445690928e-01 1.501397061160605244e-03
3.553037514973482747e-01 1.502831135805140182e-03
3.568072937166618108e-01 1.504250392926002227e-03
3.583122477779834281e-01 1.505654818529754326e-03
3.598185988428661553e-01 1.507044398769146311e-03
3.613263320590889283e-01 1.508419119943298992e-03
3.628354325608034170e-01 1.509778968497859199e-03
3.643458854686795756e-01 1.511123931025092374e-03
3.658576758900538572e-01 1.512453994264055610e-03
3.673707889190742093e-01 1.513769145100705418e-03
3.688852096368490097e-01 1.515069370568019377e-03
3.704009231115921175e-01 1.516354657846126453e-03
3.719179143987723091e-01 1.517624994262489150e-03
3.734361685412583842e-01 1.518880367291913910e-03
3.749556705694684910e-01 1.520120764556815232e-03
3.764764055015165090e-01 1.521346173827181625e-03
3.779983583433605410e-01 1.522556583020842538e-03
3.795215140889501293e-01 1.523751980203523222e-03
3.810458577203747477e-01 1.524932353588916070e-03
3.825713742080114610e-01 1.526097691538881194e-03
3.840980485106733067e-01 1.527247982563514949e-03
3.856258655757577314e-01 1.528383215321283501e-03
3.871548103393946394e-01 1.529503378619090923e-03
3.886848677265952734e-01 1.530608461412448756e-03
3.902160226514006514e-01 1.531698452805552776e-03
3.917482600170302254e-01 1.532773342051397484e-03
3.932815647160312622e-01 1.533833118551884093e-03
3.948159216304267805e-01 1.534877771857889482e-03
3.963513156318660413e-01 1.535907291669455499e-03
3.978877315817720417e-01 1.536921667835771397e-03
3.994251543314923936e-01 1.537920890355416259e-03
4.009635687224473166e-01 1.538904949376297421e-03
4.025029595862802956e-01 1.539873835195894628e-03
4.040433117450064060e-01 1.540827538261261556e-03
4.055846100111633601e-01 1.541766049169134229e-03
4.071268391879597215e-01 1.542689358666089966e-03
4.086699840694260621e-01 1.543597457648535239e-03
4.102140294405641763e-01 1.544490337162869598e-03
4.117589600774972380e-01 1.545367988405562656e-03
4.133047607476200147e-01 1.546230402723207213e-03
4.148514162097489133e-01 1.547077571612658900e-03
4.163989112142723603e-01 1.547909486721050923e-03
4.179472305033011259e-01 1.548726139845934798e-03
4.194963588108187036e-01 1.549527522935350383e-03
4.210462808628319120e-01 1.550313628087876192e-03
4.225969813775213857e-01 1.551084447552740844e-03
4.241484450653926208e-01 1.551839973729897447e-03
4.257006566294257999e-01 1.552580199170023375e-03
4.272536007652281143e-01 1.553305116574744699e-03
4.288072621611828117e-01 1.554014718796570922e-03
4.303616254986021850e-01 1.554708998839012717e-03
4.319166754518766194e-01 1.555387949856668886e-03
4.334723966886274149e-01 1.556051565155266905e-03
4.350287738698564999e-01 1.556699838191766359e-03
4.365857916500990865e-01 1.557332762574364145e-03
4.381434346775734956e-01 1.557950332062597257e-03
4.397016875943341452e-01 1.558552540567389620e-03
4.412605350364212087e-01 1.559139382151164196e-03
4.428199616340135480e-01 1.559710851027813934e-03
4.443799520115797042e-01 1.560266941562821023e-03
4.459404907880290536e-01 1.560807648273285740e-03
4.475015625768646310e-01 1.561332965827996700e-03
4.490631519863332866e-01 1.561842889047456231e-03
4.506252436195790634e-01 1.562337412903975348e-03
4.521878220747934662e-01 1.562816532521674618e-03
4.537508719453687833e-01 1.563280243176588683e-03
4.553143778200485214e-01 1.563728540296641318e-03
4.568783242830809499e-01 1.564161419461764044e-03
4.584426959143694802e-01 1.564578876403881387e-03
4.600074772896259323e-01 1.564980907006989800e-03
4.615726529805219691e-01 1.565367507307165043e-03
4.631382075548415300e-01 1.565738673492649783e-03
4.647041255766327650e-01 1.566094401903846437e-03
4.662703916063604126e-01 1.566434689033368135e-03
4.678369902010578452e-01 1.566759531526103980e-03
4.694039059144795578e-01 1.567068926179157693e-03
4.709711232972532136e-01 1.567362869942009150e-03
4.725386268970322434e-01 1.567641359916460177e-03
4.741064012586476695e-01 1.567904393356650810e-03
4.756744309242616486e-01 1.568151967669172272e-03
4.772427004335181300e-01 1.568384080412999100e-03
4.788111943236972312e-01 1.568600729299562003e-03
4.803798971298658405e-01 1.568801912192766294e-03
4.819487933850318262e-01 1.568987627109016177e-03
4.835178676202948611e-01 1.569157872217198700e-03
4.850871043650006875e-01 1.569312645838747073e-03
4.866564881468917747e-01 1.569451946447647604e-03
4.882260034922618619e-01 1.569575772670431246e-03
4.897956349261065601e-01 1.569684123286191162e-03
4.913653669722775064e-01 1.569776997226635194e-03
4.929351841536340761e-01 1.569854393576058764e-03
4.945050709921963161e-01 1.569916311571347475e-03
4.960750120092974336e-01 1.569962750601991853e-03
4.976449917257364519e-01 1.569993710210133972e-03
4.992149946619308110e-01 1.570009190090524732e-03
5.007850053380691335e-01 1.570009190090519962e-03
5.023550082742634926e-01 1.569993710210148066e-03
5.039249879907025109e-01 1.569962750601998575e-03
5.054949290078036839e-01 1.569916311571338801e-03
5.070648158463659794e-01 1.569854393576064402e-03
5.086346330277224936e-01 1.569776997226646903e-03
5.102043650738934399e-01 1.569684123286197016e-03
5.117739965077381381e-01 1.569575772670435149e-03
5.133435118531081143e-01 1.569451946447656060e-03
5.149128956349993125e-01 1.569312645838749892e-03
5.164821323797050834e-01 1.569157872217199351e-03
5.180512066149680628e-01 1.568987627109002516e-03
5.196201028701340485e-01 1.568801912192757187e-03
5.211888056763026578e-01 1.568600729299560268e-03
5.227572995664817590e-01 1.568384080412994763e-03
5.243255690757383514e-01 1.568151967669175308e-03
5.258935987413522195e-01 1.567904393356648642e-03
5.274613731029678121e-01 1.567641359916453888e-03
5.290288767027467864e-01 1.567362869942004380e-03
5.305960940855204422e-01 1.567068926179153573e-03
5.321630097989420438e-01 1.566759531526097475e-03
5.337296083936394764e-01 1.566434689033372255e-03
5.352958744233671240e-01 1.566094401903853160e-03
5.368617924451584145e-01 1.565738673492645229e-03
5.384273470194779199e-01 1.565367507307164610e-03
5.399925227103740122e-01 1.564980907006980910e-03
5.415573040856305198e-01 1.564578876403875315e-03
5.431216757169189391e-01 1.564161419461768598e-03
5.446856221799514230e-01 1.563728540296646305e-03
5.462491280546311057e-01 1.563280243176585213e-03
5.478121779252065338e-01 1.562816532521681991e-03
5.493747563804208811e-01 1.562337412903962771e-03
5.509368480136667134e-01 1.561842889047458834e-03
5.524984374231353135e-01 1.561332965828000387e-03
5.540595092119708909e-01 1.560807648273294414e-03
5.556200479884202403e-01 1.560266941562831432e-03
5.571800383659863964e-01 1.559710851027819789e-03
5.587394649635787358e-01 1.559139382151171352e-03
5.602983124056658548e-01 1.558552540567394824e-03
5.618565653224263379e-01 1.557950332062575140e-03
5.634142083499008580e-01 1.557332762574360459e-03
5.649712261301433891e-01 1.556699838191771997e-03
5.665276033113725296e-01 1.556051565155267989e-03
5.680833245481232696e-01 1.555387949856661079e-03
5.696383745013977595e-01 1.554708998839022692e-03
5.711927378388169663e-01 1.554014718796565501e-03
5.727463992347719968e-01 1.553305116574733207e-03
5.742993433705740891e-01 1.552580199170019038e-03
5.758515549346074902e-01 1.551839973729884220e-03
5.774030186224784478e-01 1.551084447552744097e-03
5.789537191371680880e-01 1.550313628087879010e-03
5.805036411891810744e-01 1.549527522935351467e-03
5.820527694966988186e-01 1.548726139845930027e-03
5.836010887857274732e-01 1.547909486721051357e-03
5.851485837902510312e-01 1.547077571612653479e-03
5.866952392523798743e-01 1.546230402723212634e-03
5.882410399225026509e-01 1.545367988405573715e-03
5.897859705594358237e-01 1.544490337162873284e-03
5.913300159305738823e-01 1.543597457648536756e-03
5.928731608120402230e-01 1.542689358666084979e-03
5.944153899888365844e-01 1.541766049169132711e-03
5.959566882549933720e-01 1.540827538261254400e-03
5.974970404137196489e-01 1.539873835195889858e-03
5.990364312775526834e-01 1.538904949376292868e-03
6.005748456685074954e-01 1.537920890355400213e-03
6.021122684182279583e-01 1.536921667835771397e-03
6.036486843681339032e-01 1.535907291669455499e-03
6.051840783695732195e-01 1.534877771857884494e-03
6.067184352839687378e-01 1.533833118551876937e-03
6.082517399829697746e-01 1.532773342051406591e-03
6.097839773485993486e-01 1.531698452805551692e-03
6.113151322734047266e-01 1.530608461412449840e-03
6.128451896606053051e-01 1.529503378619086803e-03
6.143741344242421576e-01 1.528383215321285670e-03
6.159019514893265823e-01 1.527247982563517768e-03
6.174286257919885390e-01 1.526097691538881628e-03
6.189541422796251968e-01 1.524932353588918021e-03
6.204784859110498152e-01 1.523751980203521920e-03
6.220016416566394035e-01 1.522556583020855765e-03
6.235235944984834910e-01 1.521346173827177071e-03
6.250443294305314534e-01 1.520120764556820003e-03
6.265638314587416158e-01 1.518880367291916512e-03
6.280820856012276909e-01 1.517624994262491535e-03
6.295990768884077715e-01 1.516354657846125152e-03
6.311147903631509903e-01 1.515069370568005499e-03
6.326292110809257352e-01 1.513769145100704551e-03
6.341423241099460872e-01 1.512453994264072090e-03
6.356541145313203689e-01 1.511123931025093025e-03
6.371645674391965830e-01 1.509778968497858549e-03
6.386736679409110717e-01 1.508419119943306581e-03
6.401814011571338447e-01 1.507044398769158888e-03
6.416877522220165719e-01 1.505654818529749773e-03
6.431927062833381337e-01 1.504250392926005696e-03
6.446962485026517253e-01 1.502831135805119799e-03
6.461983640554308517e-01 1.501397061160597655e-03
6.476990381312155431e-01 1.499948183131990988e-03
6.491982559337585723e-01 1.498484516004830024e-03
6.506960026811710041e-01 1.497006074210472781e-03
6.521922636060681899e-01 1.495512872325918370e-03
6.536870239557152074e-01 1.494004925073718314e-03
6.551802689921724099e-01 1.492482247321819111e-03
6.566719839924411994e-01 1.490944854083381182e-03
6.581621542486076892e-01 1.489392760516675216e-03
6.596507650679900303e-01 1.487825981924890267e-03
6.611378017732808532e-01 1.486244533756042466e-03
6.626232497026941504e-01 1.484648431602738445e-03
6.641070942101078289e-01 1.483037691202108120e-03
6.655893206652100380e-01 1.481412328435590233e-03
6.670699144536417213e-01 1.479772359328818511e-03
6.685488609771421675e-01 1.478117800051380326e-03
6.700261456536917848e-01 1.476448666916812353e-03
6.715017539176563188e-01 1.474764976382260786e-03
6.729756712199307378e-01 1.473066745048451191e-03
6.744478830280824511e-01 1.471353989659450641e-03
6.759183748264945280e-01 1.469626727102561889e-03
6.773871321165088055e-01 1.467884974408082462e-03
6.788541404165688853e-01 1.466128748749208821e-03
6.803193852623630189e-01 1.464358067441813224e-03
6.817828522069666608e-01 1.462572947944333363e-03
6.832445268209850209e-01 1.460773407857537736e-03
6.847043946926949509e-01 1.458959464924343506e-03
6.861624414281876083e-01 1.457131137029777030e-03
6.876186526515094544e-01 1.455288442200565122e-03
6.890730140048054730e-01 1.453431398605194895e-03
6.905255111484591701e-01 1.451560024553575929e-03
6.919761297612352369e-01 1.449674338496921219e-03
6.934248555404194381e-01 1.447774359027538364e-03
6.948716742019613868e-01 1.445860104878735237e-03
6.963165714806132112e-01 1.443931594924471092e-03
6.977595331300725512e-01 1.441988848179309507e-03
6.992005449231206704e-01 1.440031883798192870e-03
7.006395926517647865e-01 1.438060721076229445e-03
7.020766621273769603e-01 1.436075379448499079e-03
7.035117391808340948e-01 1.434075878489915945e-03
7.049448096626581561e-01 1.432062237914999338e-03
7.063758594431552851e-01 1.430034477577658359e-03
7.078048744125551295e-01 1.427992617471016698e-03
7.092318404811500665e-01 1.425936677727262158e-03
7.106567435794343135e-01 1.423866678617349791e-03
7.120795696582415957e-01 1.421782640550891316e-03
7.135003046888860334e-01 1.419684584075895338e-03
7.149189346632971453e-01 1.417572529878604291e-03
7.163354455941612908e-01 1.415446498783261113e-03
7.177498235150568950e-01 1.413306511751926450e-03
7.191620544805938930e-01 1.411152589884247938e-03
7.205721245665503982e-01 1.408984754417299092e-03
7.219800198700105920e-01 1.406803026725297629e-03
7.233857265095008371e-01 1.404607428319465390e-03
7.247892306251275674e-01 1.402397980847742108e-03
7.261905183787134010e-01 1.400174706094675257e-03
7.275895759539338092e-01 1.397937625981103896e-03
7.289863895564530072e-01 1.395686762563980859e-03
7.303809454140602897e-01 1.393422138036192566e-03
7.317732297768058114e-01 1.391143774726283843e-03
7.331632289171358119e-01 1.388851695098237624e-03
7.345509291300285071e-01 1.386545921751316428e-03
7.359363167331287592e-01 1.384226477419772672e-03
7.373193780668833019e-01 1.381893384972668684e-03
7.387000994946749666e-01 1.379546667413605659e-03
7.400784674029579069e-01 1.377186347880556255e-03
7.414544682013904930e-01 1.374812449645576844e-03
7.428280883229713139e-01 1.372424996114616049e-03
7.441993142241709602e-01 1.370024010827282715e-03
7.455681323850669173e-01 1.367609517456592864e-03
7.469345293094755700e-01 1.365181539808763478e-03
7.482984915250870950e-01 1.362740101822919542e-03
7.496600055835966891e-01 1.360285227570951806e-03
7.510190580608375743e-01 1.357816941257210816e-03
7.523756355569134469e-01 1.355335267218266875e-03
7.537297246963314823e-01 1.352840229922732014e-03
7.550813121281327867e-01 1.350331853970904161e-03
7.564303845260241799e-01 1.347810164094678017e-03
7.577769285885107564e-01 1.345275185157184666e-03
7.591209310390263365e-01 1.342726942152539394e-03
7.604623786260642504e-01 1.340165460205707893e-03
7.618012581233075675e-01 1.337590764572134817e-03
7.631375563297604359e-01 1.335002880637581801e-03
7.644712600698784222e-01 1.332401833917818464e-03
7.658023561936967427e-01 1.329787650058410773e-03
7.671308315769618247e-01 1.327160354834443917e-03
7.684566731212593149e-01 1.324519974150272080e-03
7.697798677541447532e-01 1.321866534039290103e-03
7.711004024292704706e-01 1.319200060663630993e-03
7.724182641265158189e-01 1.316520580313942359e-03
7.737334398521146239e-01 1.313828119409097368e-03
7.750459166387846377e-01 1.311122704495985706e-03
7.763556815458529936e-01 1.308404362249206967e-03
7.776627216593863245e-01 1.305673119470794402e-03
7.789670240923166622e-01 1.302929003090019106e-03
7.802685759845687796e-01 1.300172040163046980e-03
7.815673645031870898e-01 1.297402257872711049e-03
7.828633768424622108e-01 1.294619683528268166e-03
7.841566002240571986e-01 1.291824344565064642e-03
7.854470218971332240e-01 1.289016268544306617e-03
7.867346291384758050e-01 1.286195483152795943e-03
7.880194092526198180e-01 1.283362016202661306e-03
7.893013495719749528e-01 1.280515895631025806e-03
7.905804374569508353e-01 1.277657149499792722e-03
7.918566602960808165e-01 1.274785805995351908e-03
7.931300055061472065e-01 1.271901893428302455e-03
7.944004605323042867e-01 1.269005440233160172e-03
7.956680128482038761e-01 1.266096474968086104e-03
7.969326499561171229e-01 1.263175026314610275e-03
7.981943593870586273e-01 1.260241123077330714e-03
7.994531287009081222e-01 1.257294794183676017e-03
8.007089454865357059e-01 1.254336068683570109e-03
8.019617973619215245e-01 1.251364975749145146e-03
8.032116719742790067e-01 1.248381544674487600e-03
8.044585570001768771e-01 1.245385804875339449e-03
8.057024401456606144e-01 1.242377785888778337e-03
8.069433091463731333e-01 1.239357517372968644e-03
8.081811517676757983e-01 1.236325029106896938e-03
8.094159558047695491e-01 1.233280350989898180e-03
8.106477090828150267e-01 1.230223513041635340e-03
8.118763994570528109e-01 1.227154545401588958e-03
8.131020148129217695e-01 1.224073478328852006e-03
8.143245430661806283e-01 1.220980342201824151e-03
8.155439721630264316e-01 1.217875167517874129e-03
8.167602900802120036e-01 1.214757984893091898e-03
8.179734848251660750e-01 1.211628825061920661e-03
8.191835444361111884e-01 1.208487718876962358e-03
8.203904569821816040e-01 1.205334697308533794e-03
8.215942105635403170e-01 1.202169791444474738e-03
8.227947933114969636e-01 1.198993032489787530e-03
8.239921933886249494e-01 1.195804451766364733e-03
8.251863989888783557e-01 1.192604080712609659e-03
8.263773983377069587e-01 1.189391950883201968e-03
8.275651796921739134e-01 1.186168093948750286e-03
8.287497313410712163e-01 1.182932541695496222e-03
8.299310416050343919e-01 1.179685326024972189e-03
8.311090988366585108e-01 1.176426478953748571e-03
8.322838914206122096e-01 1.173156032613022377e-03
8.334554077737532651e-01 1.169874019248395413e-03
8.346236363452419482e-01 1.166580471219495025e-03
8.357885656166550437e-01 1.163275420999675298e-03
8.369501841020998700e-01 1.159958901175708705e-03
8.381084803483268564e-01 1.156630944447454125e-03
8.392634429348431180e-01 1.153291583627509900e-03
8.404150604740245889e-01 1.149940851640921750e-03
8.415633216112289317e-01 1.146578781524857510e-03
8.427082150249058934e-01 1.143205406428307244e-03
8.438497294267115478e-01 1.139820759611645442e-03
8.449878535616172082e-01 1.136424874446433910e-03
8.461225762080215596e-01 1.133017784415035365e-03
8.472538861778607933e-01 1.129599523110265836e-03
8.483817723167197400e-01 1.126170124235110386e-03
8.495062235039410048e-01 1.122729621602344512e-03
8.506272286527347681e-01 1.119278049134218855e-03
8.517447767102880318e-01 1.115815440862163435e-03
8.528588566578746422e-01 1.112341830926374779e-03
8.539694575109624264e-01 1.108857253575502595e-03
8.550765683193221056e-01 1.105361743166408204e-03
8.561801781671354306e-01 1.101855334163678391e-03
8.572802761731030952e-01 1.098338061139364540e-03
8.583768514905512070e-01 1.094809958772652173e-03
8.594698933075384240e-01 1.091271061849497957e-03
8.605593908469630904e-01 1.087721405262250234e-03
8.616453333666695968e-01 1.084161024009394668e-03
8.627277101595534070e-01 1.080589953195107335e-03
8.638065105536667510e-01 1.077008228028984976e-03
8.648817239123247624e-01 1.073415883825657065e-03
8.659533396342099509e-01 1.069812956004458603e-03
8.670213471534757854e-01 1.066199480089092926e-03
8.680857359398523876e-01 1.062575491707206700e-03
8.691464954987493385e-01 1.058941026590125159e-03
8.702036153713592626e-01 1.055296120572490415e-03
8.712570851347616330e-01 1.051640809591857482e-03
8.723068944020243576e-01 1.047975129688331723e-03
8.733530328223073624e-01 1.044299117004344850e-03
8.743954900809640662e-01 1.040612807784096344e-03
8.754342558996430768e-01 1.036916238373398851e-03
8.764693200363896652e-01 1.033209445219132605e-03
8.775006722857466857e-01 1.029492464869041606e-03
8.785283024788548278e-01 1.025765333971285836e-03
8.795522004835540919e-01 1.022028089274113621e-03
8.805723562044822650e-01 1.018280767625460038e-03
8.815887595831755075e-01 1.014523405972639000e-03
8.826014005981659416e-01 1.010756041361931265e-03
8.836102692650833479e-01 1.006978710938265242e-03
8.846153556367504223e-01 1.003191451944787215e-03
8.856166498032830292e-01 9.993943017225792331e-04
8.866141418921865691e-01 9.955872977101866157e-04
8.876078220684546771e-01 9.917704774433416977e-04
8.885976805346651464e-01 9.879438785545637588e-04
8.895837075310764064e-01 9.841075387727364013e-04
8.905658933357242235e-01 9.802614959228336811e-04
8.915442282645182903e-01 9.764057879254572610e-04
8.925187026713361504e-01 9.725404527964993332e-04
8.934893069481192329e-01 9.686655286468002276e-04
8.944560315249672211e-01 9.647810536816896860e-04
8.954188668702334208e-01 9.608870662006997656e-04
8.963778034906169090e-01 9.569836045971005832e-04
8.973328319312576795e-01 9.530707073576379388e-04
8.982839427758292361e-01 9.491484130620252580e-04
8.992311266466317399e-01 9.452167603826379556e-04
9.001743742046839358e-01 9.412757880841068599e-04
9.011136761498157455e-01 9.373255350229733277e-04
9.020490232207595271e-01 9.333660401472273745e-04
9.029804061952424465e-01 9.293973424960268659e-04
9.039078158900755167e-01 9.254194811992031214e-04
9.048312431612458573e-01 9.214324954769799979e-04
9.057506789040061790e-01 9.174364246395020446e-04
9.066661140529647112e-01 9.134313080865046888e-04
9.075775395821741309e-01 9.094171853068907466e-04
9.084849465052209361e-01 9.053940958783529037e-04
9.093883258753144849e-01 9.013620794669865467e-04
9.102876687853740378e-01 8.973211758268892588e-04
9.111829663681180191e-01 8.932714247997620505e-04
9.120742097961500594e-01 8.892128663145576440e-04
9.129613902820470361e-01 8.851455403870341077e-04
9.138444990784452271e-01 8.810694871194185360e-04
9.147235274781267966e-01 8.769847466999156895e-04
9.155984668141053939e-01 8.728913594024002983e-04
9.164693084597118622e-01 8.687893655860273994e-04
9.173360438286790597e-01 8.646788056947441207e-04
9.181986643752269028e-01 8.605597202569668057e-04
9.190571615941460770e-01 8.564321498851526450e-04
9.199115270208821915e-01 8.522961352754238919e-04
9.207617522316193792e-01 8.481517172071139071e-04
9.216078288433631194e-01 8.439989365424223821e-04
9.224497485140232822e-01 8.398378342259810083e-04
9.232875029424952862e-01 8.356684512844539479e-04
9.241210838687435869e-01 8.314908288261326679e-04
9.249504830738817240e-01 8.273050080405510483e-04
9.257756923802544780e-01 8.231110301980302342e-04
9.265967036515168065e-01 8.189089366493168369e-04
9.274135087927164456e-01 8.146987688251629148e-04
9.282260997503719580e-01 8.104805682358874131e-04
9.290344685125520030e-01 8.062543764710385433e-04
9.298386071089559390e-01 8.020202351989051334e-04
9.306385076109910948e-01 7.977781861661313026e-04
9.314341621318511510e-01 7.935282711973245216e-04
9.322255628265940786e-01 7.892705321946375452e-04
9.330127018922191873e-01 7.850050111373183589e-04
9.337955715677451751e-01 7.807317500813205175e-04
9.345741641342847350e-01 7.764507911589170605e-04
9.353484719151223814e-01 7.721621765782521940e-04
9.361184872757890574e-01 7.678659486229245240e-04
9.368842026241386289e-01 7.635621496515532670e-04
9.376456104104207157e-01 7.592508220974013809e-04
9.384027031273574071e-01 7.549320084679679056e-04
9.391554733102156494e-01 7.506057513444472709e-04
9.399039135368818521e-01 7.462720933814803639e-04
9.406480164279340528e-01 7.419310773066058141e-04
9.413877746467158580e-01 7.375827459199205301e-04
9.421231808994077195e-01 7.332271420935596072e-04
9.428542279350997646e-01 7.288643087713795243e-04
9.435809085458626289e-01 7.244942889684883583e-04
9.443032155668185101e-01 7.201171257707667840e-04
9.450211418762122229e-01 7.157328623345682924e-04
9.457346803954815861e-01 7.113415418861558388e-04
9.464438240893262577e-01 7.069432077213289858e-04
9.471485659657780110e-01 7.025379032050690442e-04
9.478488990762694577e-01 6.981256717709919844e-04
9.485448165157022160e-01 6.937065569209658212e-04
9.492363114225155218e-01 6.892806022247196509e-04
9.499233769787533976e-01 6.848478513193469782e-04
9.506060064101320428e-01 6.804083479089625660e-04
9.512841929861068913e-01 6.759621357641075337e-04
9.519579300199386696e-01 6.715092587215099659e-04
9.526272108687594553e-01 6.670497606835419429e-04
9.532920289336377362e-01 6.625836856177878126e-04
9.539523776596443572e-01 6.581110775566452031e-04
9.546082505359165804e-01 6.536319805968419027e-04
9.552596410957223672e-01 6.491464388990527030e-04
9.559065429165234384e-01 6.446544966874432746e-04
9.565489496200403341e-01 6.401561982492116583e-04
9.571868548723136971e-01 6.356515879341269369e-04
9.578202523837673343e-01 6.311407101542029991e-04
9.584491359092701668e-01 6.266236093831104676e-04
9.590734992481977361e-01 6.221003301558276953e-04
9.596933362444938220e-01 6.175709170682019879e-04
9.603086407867302832e-01 6.130354147764385114e-04
9.609194068081681195e-01 6.084938679967355664e-04
9.615256282868163140e-01 6.039463215047845539e-04
9.621272992454930062e-01 5.993928201353396559e-04
9.627244137518818912e-01 5.948334087818163548e-04
9.633169659185930600e-01 5.902681323957481400e-04
9.639049499032195101e-01 5.856970359864517063e-04
9.644883599083957648e-01 5.811201646204802989e-04
9.650671901818539400e-01 5.765375634212790458e-04
9.656414350164818083e-01 5.719492775686006811e-04
9.662110887503778667e-01 5.673553522982132443e-04
9.667761457669076242e-01 5.627558329012886983e-04
9.673366004947593355e-01 5.581507647240995700e-04
9.678924474079984019e-01 5.535401931674360830e-04
9.684436810261218831e-01 5.489241636862646342e-04
9.689902959141132310e-01 5.443027217891981606e-04
9.695322866824946928e-01 5.396759130380518335e-04
9.700696479873814893e-01 5.350437830474321461e-04
9.706023745305338846e-01 5.304063774842334095e-04
9.711304610594102549e-01 5.257637420671857492e-04
9.716539023672174924e-01 5.211159225664180631e-04
9.721726932929635190e-01 5.164629648030003798e-04
9.726868287215078013e-01 5.118049146484156351e-04
9.731963035836118658e-01 5.071418180242327853e-04
9.737011128559889261e-01 5.024737209014854510e-04
9.742012515613537316e-01 4.978006693003353801e-04
9.746967147684716393e-01 4.931227092895391299e-04
9.751874975922072419e-01 4.884398869860061450e-04
9.756735951935724405e-01 4.837522485543340692e-04
9.761550027797740725e-01 4.790598402062998208e-04
9.766317156042613190e-01 4.743627082004685746e-04
9.771037289667725556e-01 4.696608988416577329e-04
9.775710382133815379e-01 4.649544584804718569e-04
9.780336387365433648e-01 4.602434335128722923e-04
9.784915259751397754e-01 4.555278703796324666e-04
9.789446954145244462e-01 4.508078155659454075e-04
9.793931425865674001e-01 4.460833156008586569e-04
9.798368630696983050e-01 4.413544170568634126e-04
9.802758524889514380e-01 4.366211665493557339e-04
9.807101065160079845e-01 4.318836107362217258e-04
9.811396208692386711e-01 4.271417963172871438e-04
9.815643913137459542e-01 4.223957700338381769e-04
9.819844136614062080e-01 4.176455786681694971e-04
9.823996837709112473e-01 4.128912690430604280e-04
9.828101975478076291e-01 4.081328880212907397e-04
9.832159509445390633e-01 4.033704825051100942e-04
9.836169399604846042e-01 3.986040994357869637e-04
9.840131606419995070e-01 3.938337857930809490e-04
9.844046090824531969e-01 3.890595885947231215e-04
9.847912814222679057e-01 3.842815548959114895e-04
9.851731738489573065e-01 3.794997317887973038e-04
9.855502825971635961e-01 3.747141664019397033e-04
9.859226039486949089e-01 3.699249058998619515e-04
9.862901342325616216e-01 3.651319974823964698e-04
9.866528698250127682e-01 3.603354883842479041e-04
9.870108071495720115e-01 3.555354258743770269e-04
9.873639426770726146e-01 3.507318572555133342e-04
9.877122729256917477e-01 3.459248298636005301e-04
9.880557944609862364e-01 3.411143910671269241e-04
9.883945038959249807e-01 3.363005882666664876e-04
9.887283978909227056e-01 3.314834688942582572e-04
9.890574731538739339e-01 3.266630804127502834e-04
9.893817264401836287e-01 3.218394703154040058e-04
9.897011545528007215e-01 3.170126861248765120e-04
9.900157543422491990e-01 3.121827753930136724e-04
9.903255227066585231e-01 3.073497856999015711e-04
9.906304565917949390e-01 3.025137646533984019e-04
9.909305529910916732e-01 2.976747598882665104e-04
9.912258089456777999e-01 2.928328190655744563e-04
9.915162215444084381e-01 2.879879898719548228e-04
9.918017879238920642e-01 2.831403200187815241e-04
9.920825052685207091e-01 2.782898572414491361e-04
9.923583708104956047e-01 2.734366492984294239e-04
9.926293818298559390e-01 2.685807439705445465e-04
9.928955356545051680e-01 2.637221890599393418e-04
9.931568296602373280e-01 2.588610323891597006e-04
9.934132612707631260e-01 2.539973218001248512e-04
9.936648279577348086e-01 2.491311051530065656e-04
9.939115272407719193e-01 2.442624303251303744e-04
9.941533566874851680e-01 2.393913452096611079e-04
9.943903139135004121e-01 2.345178977142858335e-04
9.946223965824823043e-01 2.296421357597548457e-04
9.948496024061577181e-01 2.247641072782689960e-04
9.950719291443375081e-01 2.198838602117549718e-04
9.952893746049390478e-01 2.150014425099811965e-04
9.955019366440081008e-01 2.101169021283796131e-04
9.957096131657392490e-01 2.052302870257299643e-04
9.959124021224975420e-01 2.003416451615673837e-04
9.961103015148375928e-01 1.954510244931501799e-04
9.963033093915238947e-01 1.905584729721792041e-04
9.964914238495503618e-01 1.856640385409998354e-04
9.966746430341583141e-01 1.807677691282580433e-04
9.968529651388553514e-01 1.758697126439252552e-04
9.970263884054328951e-01 1.709699169735358218e-04
9.971949111239837293e-01 1.660684299714961616e-04
9.973585316329185435e-01 1.611652994532733821e-04
9.975172483189826966e-01 1.562605731861570917e-04
9.976710596172718715e-01 1.513542988782957575e-04
9.978199640112476176e-01 1.464465241657131127e-04
9.979639600327521176e-01 1.415372965966640959e-04
9.981030462620228416e-01 1.366266636126559455e-04
9.982372213277068695e-01 1.317146725253975198e-04
9.983664839068733254e-01 1.268013704885611161e-04
9.984908327250276994e-01 1.218868044626276889e-04
9.986102665561236158e-01 1.169710211711502706e-04
9.987247842225756012e-01 1.120540670455527795e-04
9.988343845952696309e-01 1.071359881549495998e-04
9.989390665935751201e-01 1.022168301157396413e-04
9.990388291853555813e-01 9.729663797392332171e-05
9.991336713869783948e-01 9.237545605019494520e-05
9.992235922633245782e-01 8.745332773281353476e-05
9.993085909277981127e-01 8.253029519660335159e-05
9.993886665423348248e-01 7.760639901568446854e-05
9.994638183174107127e-01 7.268167761935050066e-05
9.995340455120488299e-01 6.775616651162284234e-05
9.995993474338280560e-01 6.282989712576567468e-05
9.996597234388886477e-01 5.790289509755342542e-05
9.997151729319391222e-01 5.297517758134119299e-05
9.997656953662625856e-01 4.804674892838191010e-05
9.998112902437209515e-01 4.311759343100107647e-05
9.998519571147610474e-01 3.818766251755261761e-05
9.998876955784181675e-01 3.325685074070492162e-05
9.999185052823206243e-01 2.832494721479465922e-05
9.999443859226929687e-01 2.339152740591310807e-05
9.999653372443589872e-01 1.845567876672702407e-05
9.999813590407441444e-01 1.351516651740182839e-05
9.999924511538778038e-01 8.563089743165248476e-06
9.999986134743947819e-01 3.566642234547151491e-06
